00000000000000000000001010010011
00010000000000000000001100010111
11111111110000110000001100010011
00010000000000000000001110010111
00000001000000111000001110010011
00000000001000101001111000010011
00000001110000110000111010110011
00000000000011101010111100000011
00000001111011110000111100110011
00000000000011110000101001100011
00000001110000111000111110110011
00000001111011111010000000100011
00000000001000101000001010010011
11111110000111111111000001101111
00000001000000000000000011101111
00000000101000000000010100010011
00000000000000000000010110110011
00000000000000000000000001110011
11111111110000010000000100010011
00000000000100010010000000100011
00010000000000000000010100010111
11111011000001010000010100010011
00000010100000000000000011101111
00000000101000000000010110010011
00000000101100000000010100010011
00000000000000000000000001110011
00010000000000000000010100010111
11111011010001010000010100010011
00000001000000000000000011101111
00000000000000010010000010000011
00000000010000010000000100010011
00000000000000001000000001100111
00000000000001010010001010000011
00000000000000101001010001100011
00000000000000001000000001100111
00000000000001010000001010110011
00000000000000101010010110000011
00000000000100000000010100010011
00000000000000000000000001110011
00000010000000000000010110010011
00000000101100000000010100010011
00000000000000000000000001110011
00000000010000101000010100010011
11111101010111111111000001101111
